{
  "profile": "normal_car",
  "travelTimes": [
    0,
    40,
    80,
    150,
    200,
    250,
    300,
    350,
    400,
    450,
    230,
    180,
    120,
    40,
    0,
    60,
    140,
    180,
    220,
    260,
    300,
    340,
    380,
    190,
    160,
    100,
    80,
    60,
    0,
    120,
    160,
    200,
    240,
    280,
    320,
    360,
    180,
    140,
    100,
    150,
    140,
    120,
    0,
    80,
    120,
    160,
    200,
    240,
    280,
    100,
    80,
    60,
    200,
    180,
    160,
    80,
    0,
    60,
    100,
    140,
    180,
    220,
    60,
    40,
    30,
    250,
    220,
    200,
    120,
    60,
    0,
    40,
    80,
    120,
    160,
    40,
    30,
    40,
    300,
    260,
    240,
    160,
    100,
    40,
    0,
    40,
    80,
    120,
    60,
    40,
    60,
    350,
    300,
    280,
    200,
    140,
    80,
    40,
    0,
    40,
    80,
    100,
    80,
    100,
    400,
    340,
    320,
    240,
    180,
    120,
    80,
    40,
    0,
    40,
    140,
    120,
    140,
    450,
    380,
    360,
    280,
    220,
    160,
    120,
    80,
    40,
    0,
    180,
    160,
    180,
    230,
    190,
    180,
    100,
    60,
    40,
    60,
    100,
    140,
    180,
    0,
    30,
    60,
    180,
    160,
    140,
    80,
    40,
    30,
    40,
    80,
    120,
    160,
    30,
    0,
    40,
    120,
    100,
    100,
    60,
    30,
    40,
    60,
    100,
    140,
    180,
    60,
    40,
    0
  ],
  "distances": [
    0,
    150,
    400,
    800,
    1000,
    1200,
    1400,
    1600,
    1800,
    2000,
    1100,
    900,
    600,
    150,
    0,
    300,
    700,
    900,
    1100,
    1300,
    1500,
    1700,
    1900,
    1000,
    800,
    500,
    400,
    300,
    0,
    500,
    700,
    900,
    1100,
    1300,
    1500,
    1700,
    800,
    600,
    400,
    800,
    700,
    500,
    0,
    400,
    600,
    800,
    1000,
    1200,
    1400,
    500,
    300,
    200,
    1000,
    900,
    700,
    400,
    0,
    300,
    500,
    700,
    900,
    1100,
    300,
    200,
    100,
    1200,
    1100,
    900,
    600,
    300,
    0,
    200,
    400,
    600,
    800,
    200,
    100,
    200,
    1400,
    1300,
    1100,
    800,
    500,
    200,
    0,
    200,
    400,
    600,
    300,
    200,
    300,
    1600,
    1500,
    1300,
    1000,
    700,
    400,
    200,
    0,
    200,
    400,
    500,
    400,
    500,
    1800,
    1700,
    1500,
    1200,
    900,
    600,
    400,
    200,
    0,
    200,
    700,
    600,
    700,
    2000,
    1900,
    1700,
    1400,
    1100,
    800,
    600,
    400,
    200,
    0,
    900,
    800,
    900,
    1100,
    1000,
    800,
    500,
    300,
    200,
    300,
    500,
    700,
    900,
    0,
    100,
    300,
    900,
    800,
    600,
    300,
    200,
    100,
    200,
    400,
    600,
    800,
    100,
    0,
    200,
    600,
    500,
    400,
    200,
    100,
    200,
    300,
    500,
    700,
    900,
    300,
    200,
    0
  ]
}